      1.0000000     -1.9932000    0.054215040     0.40640000   0.0051840000     0.99800000
      1.0000000     -1.9936000    0.051036160     0.19850000   0.0049855600     0.99810000
      1.0000000     -1.9972000    0.022368640    -0.15440000   0.0019974400     0.99920000
      1.0000000     -1.9976000    0.019176960    -0.99910000   0.0029967600     0.99910000
      1.0000000     -1.9988000   0.0095942400    -0.83990000  0.00059964000     0.99970000
      1.0000000     -1.9952000    0.038307840    -0.10100000   0.0047897600     0.99840000
      1.0000000     -1.9968000    0.025559040     0.76310000   0.0033951600     0.99890000
      1.0000000     -1.9972000    0.022368640     0.99870000   0.0025967600     0.99910000
      1.0000000     -1.9964000    0.028748160     0.90170000   0.0029951600     0.99890000
      1.0000000     -1.9952000    0.038307840     0.83550000   0.0053884400     0.99830000
      1.0000000     -1.9968000    0.025559040    -0.99870000   0.0021967600     0.99910000
      1.0000000     -1.9976000    0.019176960    -0.99900000   0.0011985600     0.99940000
      1.0000000     -1.9984000    0.012789760    -0.67840000   0.0031974400     0.99920000
      1.0000000     -1.9944000    0.044674560     0.38790000   0.0057855600     0.99810000
      1.0000000     -1.9952000    0.038307840     0.78280000   0.0035921600     0.99860000
      1.0000000     -1.9940000    0.047856000     0.48780000   0.0071806400     0.99780000
      1.0000000     -1.9976000    0.019176960     0.47670000   0.0017980400     0.99930000
      1.0000000     -1.9920000    0.063744000    -0.10690000   0.0093663600     0.99710000
      1.0000000     -1.9964000    0.028748160    -0.90480000   0.0023960000     0.99900000
      1.0000000     -1.9968000    0.025559040     0.91320000   0.0027960000     0.99900000
      1.0000000     -1.9984000    0.012789760     0.48090000   0.0013990000     0.99950000
      1.0000000     -1.9968000    0.025559040    -0.73630000   0.0033951600     0.99890000
      1.0000000     -1.9972000    0.022368640    -0.99910000   0.0013980400     0.99930000
      1.0000000     -1.9972000    0.022368640    -0.35130000   0.0025967600     0.99910000
      1.0000000     -1.9920000    0.063744000    -0.32990000   0.0081708400     0.99730000
      1.0000000     -1.9904000    0.076431360    -0.29990000    0.010156440     0.99670000
      1.0000000     -1.9960000    0.031936000    -0.47730000   0.0025951600     0.99890000
      1.0000000     -1.9908000    0.073261440     0.73800000    0.011153760     0.99660000
      1.0000000     -1.9988000   0.0095942400    -0.99970000  0.00059964000     0.99970000
      1.0000000     -1.9976000    0.019176960    0.047300000   0.0017980400     0.99930000
      1.0000000     -1.9912000    0.070090240   -0.068300000   0.0073708400     0.99730000
      1.0000000     -1.9948000    0.041491840    -0.18750000   0.0037910000     0.99850000
      1.0000000     -1.9956000    0.035122560     0.36770000   0.0045910000     0.99850000
      1.0000000     -1.9976000    0.019176960     0.90060000   0.0035960000     0.99900000
      1.0000000     -1.9948000    0.041491840     0.20420000   0.0031921600     0.99860000
      1.0000000     -1.9972000    0.022368640    -0.57990000   0.0025967600     0.99910000
      1.0000000     -1.9964000    0.028748160    -0.61960000   0.0047921600     0.99860000
      1.0000000     -1.9968000    0.025559040     0.72590000   0.0045932400     0.99870000
      1.0000000     -1.9972000    0.022368640     0.46620000   0.0019974400     0.99920000
      1.0000000     -1.9984000    0.012789760     0.50920000   0.0019985600     0.99940000
      1.0000000     -1.9976000    0.019176960     0.65080000   0.0023974400     0.99920000
      1.0000000     -1.9976000    0.019176960    -0.83500000   0.0023974400     0.99920000
      1.0000000     -1.9976000    0.019176960    -0.61650000   0.0017980400     0.99930000
      1.0000000     -1.9948000    0.041491840   -0.037200000   0.0079806400     0.99780000
      1.0000000     -1.9980000    0.015984000    -0.40840000   0.0027974400     0.99920000
      1.0000000     -1.9916000    0.066917760    -0.63540000   0.0083686400     0.99720000
      1.0000000     -1.9952000    0.038307840     0.78050000   0.0053884400     0.99830000
      1.0000000     -1.9952000    0.038307840    -0.49480000   0.0047897600     0.99840000
      1.0000000     -1.9940000    0.047856000    -0.34870000   0.0077788400     0.99770000
      1.0000000     -1.9980000    0.015984000    -0.84070000   0.0021980400     0.99930000
      1.0000000     -1.9956000    0.035122560     0.35760000   0.0039921600     0.99860000
      1.0000000     -1.9988000   0.0095942400    -0.82330000  0.00059964000     0.99970000
      1.0000000     -1.9964000    0.028748160     0.56140000   0.0023960000     0.99900000
      1.0000000     -1.9984000    0.012789760   -0.070300000   0.0013990000     0.99950000
      1.0000000     -1.9976000    0.019176960     0.47110000   0.0017980400     0.99930000
      1.0000000     -1.9956000    0.035122560     0.19230000   0.0045910000     0.99850000
      1.0000000     -1.9976000    0.019176960    -0.82840000   0.0035960000     0.99900000
      1.0000000     -1.9992000   0.0063974400    -0.99980000  0.00039984000     0.99980000
      1.0000000     -1.9956000    0.035122560    -0.36660000   0.0063870400     0.99820000
      1.0000000     -1.9960000    0.031936000    -0.38130000   0.0037932400     0.99870000
      1.0000000     -1.9924000    0.060568960    -0.16980000   0.0091686400     0.99720000
      1.0000000     -1.9956000    0.035122560    -0.86960000   0.0063870400     0.99820000
      1.0000000     -1.9980000    0.015984000     0.21580000   0.0015985600     0.99940000
      1.0000000     -1.9976000    0.019176960    -0.67340000   0.0035960000     0.99900000
      1.0000000     -1.9980000    0.015984000    -0.99910000   0.0021980400     0.99930000
      1.0000000     -1.9896000    0.082767360    -0.19730000   0.0081615600     0.99690000
      1.0000000     -1.9984000    0.012789760     0.65520000   0.0019985600     0.99940000
      1.0000000     -1.9948000    0.041491840    -0.79650000   0.0049884400     0.99830000
      1.0000000     -1.9968000    0.025559040    -0.64390000   0.0021967600     0.99910000
      1.0000000     -1.9980000    0.015984000    -0.12200000   0.0015985600     0.99940000
      1.0000000     -1.9960000    0.031936000     0.66130000   0.0037932400     0.99870000
      1.0000000     -1.9964000    0.028748160    -0.62410000   0.0041932400     0.99870000
      1.0000000     -1.9956000    0.035122560     0.99820000   0.0027942400     0.99880000
      1.0000000     -1.9956000    0.035122560     0.39730000   0.0033932400     0.99870000
      1.0000000     -1.9984000    0.012789760     0.22610000   0.0013990000     0.99950000
      1.0000000     -1.9976000    0.019176960    0.038700000   0.0017980400     0.99930000
      1.0000000     -1.9972000    0.022368640     0.92350000   0.0037951600     0.99890000
      1.0000000     -1.9948000    0.041491840    -0.44110000   0.0061855600     0.99810000
      1.0000000     -1.9936000    0.051036160     0.23730000   0.0085750000     0.99750000
      1.0000000     -1.9968000    0.025559040    -0.42300000   0.0039942400     0.99880000
      1.0000000     -1.9944000    0.044674560    -0.52400000   0.0063840000     0.99800000
      1.0000000     -1.9964000    0.028748160     0.82500000   0.0023960000     0.99900000
      1.0000000     -1.9944000    0.044674560    -0.48790000   0.0057855600     0.99810000
      1.0000000     -1.9948000    0.041491840     0.47230000   0.0049884400     0.99830000
      1.0000000     -1.9972000    0.022368640   -0.087900000   0.0025967600     0.99910000
      1.0000000     -1.9944000    0.044674560    -0.32030000   0.0045884400     0.99830000
      1.0000000     -1.9948000    0.041491840     0.45950000   0.0073823600     0.99790000
      1.0000000     -1.9928000    0.057392640     0.48370000   0.0065788400     0.99770000
      1.0000000     -1.9964000    0.028748160    -0.44520000   0.0047921600     0.99860000
      1.0000000     -1.9960000    0.031936000    -0.34550000   0.0037932400     0.99870000
      1.0000000     -1.9956000    0.035122560    0.030200000   0.0051897600     0.99840000
      1.0000000     -1.9968000    0.025559040    0.092800000   0.0027960000     0.99900000
      1.0000000     -1.9952000    0.038307840    -0.73480000   0.0035921600     0.99860000
      1.0000000     -1.9956000    0.035122560    -0.39330000   0.0045910000     0.99850000
      1.0000000     -1.9968000    0.025559040    -0.92040000   0.0039942400     0.99880000
      1.0000000     -1.9984000    0.012789760    -0.99950000   0.0013990000     0.99950000
      1.0000000     -1.9940000    0.047856000    -0.40050000   0.0041884400     0.99830000
      1.0000000     -1.9980000    0.015984000     0.67580000   0.0015985600     0.99940000
      1.0000000     -1.9956000    0.035122560   -0.044900000   0.0057884400     0.99830000
      1.0000000     -1.9996000   0.0031993600    -0.99990000  0.00019996000     0.99990000
