      1.0000000     -1.9960400    0.031617274     0.28551000   0.0040129244     0.99867000
      1.0000000     -1.9958400    0.033210778    -0.29750000   0.0044717056     0.99856000
      1.0000000     -1.9962400    0.030023450   -0.012690000   0.0039733436     0.99871000
      1.0000000     -1.9967200    0.026196966    -0.32603000   0.0033750716     0.99889000
      1.0000000     -1.9954400    0.036396826     0.13055000   0.0048501404     0.99843000
      1.0000000     -1.9962800    0.029704646    0.067070000   0.0032945244     0.99883000
      1.0000000     -1.9965200    0.027791558     0.14798000   0.0032349824     0.99888000
      1.0000000     -1.9958800    0.032892102    -0.46903000   0.0040924924     0.99863000
      1.0000000     -1.9970000    0.023964000    0.048190000   0.0030559196     0.99899000
      1.0000000     -1.9964000    0.028748160    0.036250000   0.0034145244     0.99883000
      1.0000000     -1.9953200    0.037352390     0.30026000   0.0057478896     0.99826000
      1.0000000     -1.9957600    0.033848090     0.34893000   0.0037329244     0.99867000
      1.0000000     -1.9964800    0.028110438     0.20907000   0.0034945244     0.99883000
      1.0000000     -1.9960400    0.031617274     0.27094000   0.0044321600     0.99860000
      1.0000000     -1.9960400    0.031617274   -0.066920000   0.0045519344     0.99858000
      1.0000000     -1.9963200    0.029385830   -0.046410000   0.0042929244     0.99867000
      1.0000000     -1.9956400    0.034803962   -0.089070000   0.0043315900     0.99855000
      1.0000000     -1.9969600    0.024283034     0.35895000   0.0028960796     0.99901000
      1.0000000     -1.9950800    0.039263174     0.19760000   0.0057473264     0.99822000
      1.0000000     -1.9960800    0.031298534    -0.17325000   0.0040529244     0.99867000
      1.0000000     -1.9955600    0.035441146     0.13687000   0.0040120476     0.99859000
      1.0000000     -1.9965600    0.027472666    -0.14680000   0.0035146176     0.99884000
      1.0000000     -1.9957600    0.033848090    -0.33498000   0.0041521600     0.99860000
      1.0000000     -1.9961200    0.030979782    -0.23693000   0.0037335484     0.99873000
      1.0000000     -1.9959600    0.032254714    -0.18806000   0.0035136496     0.99874000
      1.0000000     -1.9955200    0.035759718     0.29887000   0.0049301404     0.99843000
      1.0000000     -1.9950400    0.039581594   -0.034450000   0.0046896316     0.99839000
      1.0000000     -1.9955200    0.035759718     0.12759000   0.0040918204     0.99857000
      1.0000000     -1.9952400    0.037989370   -0.055930000   0.0051291100     0.99835000
      1.0000000     -1.9952800    0.037670886   -0.079760000   0.0049895024     0.99838000
      1.0000000     -1.9952400    0.037989370     0.16185000   0.0048896316     0.99839000
      1.0000000     -1.9969600    0.024283034    0.071490000   0.0027762364     0.99903000
      1.0000000     -1.9956000    0.035122560     0.24967000   0.0041718204     0.99857000
      1.0000000     -1.9957600    0.033848090    0.072450000   0.0046911196     0.99851000
      1.0000000     -1.9956400    0.034803962    0.019390000   0.0049303900     0.99845000
      1.0000000     -1.9965200    0.027791558    -0.22997000   0.0038939484     0.99877000
      1.0000000     -1.9966400    0.026834842     0.25793000   0.0029355900     0.99895000
      1.0000000     -1.9972000    0.022368640    -0.13372000   0.0029563136     0.99904000
      1.0000000     -1.9953200    0.037352390    0.037060000   0.0045505136     0.99846000
      1.0000000     -1.9957200    0.034166726     0.41094000   0.0043517056     0.99856000
      1.0000000     -1.9960400    0.031617274     0.15500000   0.0039530304     0.99868000
      1.0000000     -1.9954800    0.036078278    0.019930000   0.0042913564     0.99853000
      1.0000000     -1.9962400    0.030023450     0.22060000   0.0034342400     0.99880000
      1.0000000     -1.9957200    0.034166726    0.033230000   0.0042918204     0.99857000
      1.0000000     -1.9956400    0.034803962    0.012910000   0.0044513564     0.99853000
      1.0000000     -1.9968400    0.025240058    0.029740000   0.0030756736     0.99896000
      1.0000000     -1.9968400    0.025240058     0.43099000   0.0030157564     0.99897000
      1.0000000     -1.9975600    0.019496186     0.55600000   0.0018779264     0.99928000
      1.0000000     -1.9960400    0.031617274    -0.17483000   0.0041327100     0.99865000
      1.0000000     -1.9954400    0.036396826     0.33299000   0.0046106364     0.99847000
      1.0000000     -1.9958800    0.032892102    0.027730000   0.0034935484     0.99873000
      1.0000000     -1.9955200    0.035759718     0.29938000   0.0051097600     0.99840000
      1.0000000     -1.9959600    0.032254714    -0.17893000   0.0040527100     0.99865000
      1.0000000     -1.9965200    0.027791558    -0.13401000   0.0030552476     0.99891000
      1.0000000     -1.9958000    0.033529440    -0.29520000   0.0037130304     0.99868000
      1.0000000     -1.9968800    0.024921062     0.25456000   0.0031156736     0.99896000
      1.0000000     -1.9952000    0.038307840    -0.21929000   0.0055680284     0.99827000
      1.0000000     -1.9949600    0.040218394    -0.25887000   0.0044898876     0.99841000
      1.0000000     -1.9958000    0.033529440    0.066790000   0.0042520476     0.99859000
      1.0000000     -1.9950400    0.039581594   -0.072570000   0.0056474684     0.99823000
      1.0000000     -1.9969600    0.024283034    0.036480000   0.0031956736     0.99896000
      1.0000000     -1.9966800    0.026515910     0.16547000   0.0029755900     0.99895000
      1.0000000     -1.9957200    0.034166726    0.047630000   0.0044115900     0.99855000
      1.0000000     -1.9968000    0.025559040    -0.17609000   0.0032154204     0.99893000
      1.0000000     -1.9942400    0.045947290    0.041550000   0.0060444764     0.99803000
      1.0000000     -1.9959200    0.032573414    -0.37674000   0.0039528176     0.99866000
      1.0000000     -1.9970000    0.023964000    0.029690000   0.0028162364     0.99903000
      1.0000000     -1.9961200    0.030979782 -0.00088000000   0.0030746176     0.99884000
      1.0000000     -1.9960400    0.031617274    0.081630000   0.0040129244     0.99867000
      1.0000000     -1.9960800    0.031298534    -0.18877000   0.0040529244     0.99867000
      1.0000000     -1.9959200    0.032573414     0.13707000   0.0037731356     0.99869000
      1.0000000     -1.9956800    0.034485350     0.36267000   0.0038924924     0.99863000
      1.0000000     -1.9956400    0.034803962   -0.060600000   0.0048705136     0.99846000
      1.0000000     -1.9951200    0.038944742    -0.19207000   0.0045301404     0.99843000
      1.0000000     -1.9956400    0.034803962    0.062420000   0.0040321600     0.99860000
      1.0000000     -1.9954800    0.036078278   -0.032600000   0.0044710000     0.99850000
      1.0000000     -1.9965600    0.027472666     0.27087000   0.0032150716     0.99889000
      1.0000000     -1.9955200    0.035759718     0.28306000   0.0041517056     0.99856000
      1.0000000     -1.9958800    0.032892102     0.12931000   0.0040924924     0.99863000
      1.0000000     -1.9964000    0.028748160    0.043980000   0.0034744304     0.99882000
      1.0000000     -1.9960800    0.031298534     0.19434000   0.0038732400     0.99870000
      1.0000000     -1.9973600    0.021092122     0.60383000   0.0029365404     0.99907000
      1.0000000     -1.9957600    0.033848090     0.13615000   0.0037329244     0.99867000
      1.0000000     -1.9962800    0.029704646     0.10684000   0.0034742400     0.99880000
      1.0000000     -1.9960400    0.031617274     0.22040000   0.0040728176     0.99866000
      1.0000000     -1.9972000    0.022368640    -0.25383000   0.0024169724     0.99913000
      1.0000000     -1.9953600    0.037033882     0.18247000   0.0050096316     0.99839000
      1.0000000     -1.9962000    0.030342240     0.10848000   0.0037536496     0.99874000
      1.0000000     -1.9964000    0.028748160     0.24125000   0.0036541436     0.99879000
      1.0000000     -1.9952800    0.037670886    0.011390000   0.0045703900     0.99845000
      1.0000000     -1.9962800    0.029704646    0.059850000   0.0034143356     0.99881000
      1.0000000     -1.9968400    0.025240058     0.15656000   0.0028360000     0.99900000
      1.0000000     -1.9970400    0.023644954    -0.39604000   0.0027963136     0.99904000
      1.0000000     -1.9968800    0.024921062   -0.073890000   0.0034152476     0.99891000
      1.0000000     -1.9964400    0.028429306     0.43110000   0.0035144304     0.99882000
      1.0000000     -1.9966800    0.026515910    -0.30105000   0.0032152476     0.99891000
      1.0000000     -1.9960800    0.031298534    -0.29499000   0.0046518204     0.99857000
      1.0000000     -1.9958400    0.033210778    0.015990000   0.0040524924     0.99863000
      1.0000000     -1.9968000    0.025559040    0.073420000   0.0031555056     0.99894000
      1.0000000     -1.9952400    0.037989370    0.022550000   0.0039315900     0.99855000
